""" Baseball May 13 """

brewersRuns = np.array([20,12,1,4.97,32,1189,1055,159,250,55,4,43,152,20,9,109,292,.237,.315,.419,.734,20,17,.982,29.7, 36.0,.186,.234,.248,.482,.247,0.7,25.6,5.8,86.3,31.9,23.4,47.9,23.4,0.92,1.3,0.7,12.3, 0, 6.5-12.8977])
marlinsRuns = np.array([14,17,4,4.13,31,1169,1041,128,248,44,7,30,123,16,5,101,276,.238,.314,.380,.695,18,27,.984,29.5, 38.2,.170,.226,.311,.537,.222,3.4,34.3,5.5,90.4,46.4,19.8,47.7,30.2,0.91,1.1,0.7,11.2, 1, 6.5-12.8977])
2
1

redsRuns = np.array([8,24,5,4.13,32,1161,1035,132,226,55,2,26,128,11,6,96,300,.218,.293,.351,.644,12,23,.989,30.0,28.0,.284,.346,.422,.769,.330,3.2,18.9,7.9,85.8,30.8,20.7,48.9,20.7,0.98,-0.6,-0.3,-5.3, 0,8-1.07016])
piratesRuns = np.array([13,18,3,3.65,31,1139,1020,113,240,43,7,25,104,11,6,103,270,.235,.306,.365,.671,27,20,.975,27.6, 30.2,.256,.345,.397,.742,.330,1.4,23.0,12.2,88.5,36.7,22.2,34.4,33.3,0.53,-0.3,-0.1,-5.3,1,8-1.07016])
8
2

astrosRuns = np.array([21,11,1,4.09,32,1195,1055,131,236,51,3,40,128,14,6,123,259,.224,.306,.391,.697,12,28,.989,29.6, 31.1,.219,.321,.412,.733,.267,3.8,26.0,12.2,89.9,43.0,31.3,25.0,30.0,0.34,0.1,0.2,2.8, 0, (8-5.01496212)])
nationalsRuns = np.array([11,22,5,4.12,33,1223,1101,136,278,54,1,24,130,10,5,96,244,.252,.317,.369,.685,26,21,.978,29.6, 32.1,.227,.326,.294,.620,.280,0.7,18.8,10.9,87.8,33.0,22.3,71.3,4.3,2.58,0.5,0.3,5.7, 1, (8-5.01496212)])
6
1

May 14

padresRuns = np.array([21,12,1,4.48,33,1251,1081,148,252,48,7,30,145,14,5,133,275,.233,.323,.374,.697,12,26,.990,28.4, 28.2,.273,.381,.427,.808,.310,2.2,17.2,12.7,86.9,36.7,23.3,35.6,35.6,0.56,-0.6,-0.4,-5.3, 0, 9.925252528888889- 8)]
bravesRuns = np.array([15,18,3,4.15,33,1215,1082,137,247,59,1,41,129,15,2,108,305,.228,.303,.398,.701,13,22,.989,28.7, 36.0,.209,.272,.351,.623,.258,2.7,25.9,8.2,90.6,41.7,21.6,39.2,29.9,0.64,0.4,-0.1,3.4, 1,  9.925252528888889- 8)]

weights = np.array([[ -1.75755820e+05],
       [ -2.13418923e+05],
       [ -5.02163865e+04],
       [ -5.18480534e+04],
       [ -3.89174744e+05],
       [ -1.46756557e+07],
       [ -1.30687408e+07],
       [ -1.60691258e+06],
       [ -3.11339851e+06],
       [ -5.52376166e+05],
       [ -8.78784675e+04],
       [ -3.76619602e+05],
       [ -1.54414263e+06],
       [ -2.00864060e+05],
       [ -6.27697634e+04],
       [ -1.26795598e+06],
       [ -3.46490996e+06],
       [ -2.98785844e+03],
       [ -3.94196435e+03],
       [ -4.77052654e+03],
       [ -8.72504509e+03],
       [ -2.25972300e+05],
       [ -3.38959657e+05],
       [ -1.23531627e+04],
       [ -3.70343778e+05],
       [ -4.79564035e+05],
       [ -2.13418309e+03],
       [ -2.83720933e+03],
       [ -3.90430815e+03],
       [ -6.74151756e+03],
       [ -2.78699160e+03],
       [ -4.26839425e+04],
       [ -4.30603934e+05],
       [ -6.90471206e+04],
       [ -1.13488442e+06],
       [ -5.82508199e+05],
       [ -2.48569400e+05],
       [ -5.98827069e+05],
       [ -3.79132247e+05],
       [ -1.14241636e+04],
       [ -1.38094110e+04],
       [ -8.78781880e+03],
       [ -1.40605000e+05],
       [ -1.25541199e+04],
       [  8.03168985e+04]])
bias = 0.09296552

"May 16"


nationslsRuns3 = np.array([12,24,5,4.17,36,1336,1202,150,304,57,1,26,143,10,5,107,267,.253,.318,.367,.685,27,25,.979,29.6, 42.2,.221,.316,.356,.671,.266,2.3,21.6,11.1,85.4,34.8,20.4,48.7,19.5,0.98,1.0,0.5,6.8, 0, -0.3973856211111109])
marlinsRuns3 = np.array([15,19,4,4.15,34,1275,1141,141,269,48,7,35,135,17,6,107,308,.236,.309,.382,.691,20,29,.984,29.5, 19.0,.316,.341,.487,.828,.323,3.7,12.2,3.7,92.9,58.2,17.6,48.5,26.5,1.06,-0.6,-0.2,-5.3, 1,-0.3973856211111109])

tigersRuns3 = np.array([12,23,5,2.86,35,1249,1129,100,254,46,5,16,98,5,5,99,290,.225,.292,.317,.609,20,24,.984,28.9, 29.2,.282,.320,.436,.756,.333,3.2,21.6,4.8,88.6,39.6,24.2,41.8,27.5,0.72,0.1,0.0,-0.6, 0, -0.1714285699999998])
raysRuns3 = np.array([21,14,2,4.17,35,1284,1163,146,272,55,8,31,135,29,9,103,306,.234,.301,.375,.676,19,19,.985,27.0, 10.0,.308,.349,.462,.810,.355,2.3,18.6,7.0,89.8,40.6,21.9,43.8,21.9,0.82,0.0,0.0,1.0, 1,-0.1714285699999998])

yankeesRuns3 = np.array([25,9,1,4.91,34,1274,1118,167,271,47,2,49,158,21,7,126,286,.242,.323,.419,.742,13,22,.990,30.7, 17.0,.254,.297,.441,.738,.293,4.7,25.0,4.7,92.9,45.5,20.5,43.2,31.8,0.76,0.2,0.1,-0.3, 0, -1.919981328888889])
oriolesRuns3 = np.array([14,21,4,3.26,35,1304,1165,114,266,54,3,25,109,20,6,104,319,.228,.302,.344,.647,25,45,.980,28.1, 28.2,.259,.320,.438,.757,.325,3.2,25.0,7.3,84.8,38.6,24.1,44.6,21.7,0.84,0.2,0.1,0.9, 1, -1.919981328888889])

marinersRuns3 = np.array([15,19,4,4.15,34,1275,1141,141,269,48,7,35,135,17,6,107,308,.236,.309,.382,.691,20,29,.984,29.5, 26.0,.211,.327,.432,.759,.246,3.5,23.7,14.9,92.0,50.0,21.4,51.4,21.4,1.09,0.0,0.0,-0.6,3.141269845555554])
blueJaysRuns3 = np.array([18,17,3,3.71,35,1272,1149,130,268,57,0,37,129,15,6,91,289,.233,.296,.379,.675,16,21,.987,27.0, 34.0,.258,.309,.430,.739,.275,3.6,15.7,7.1,90.1,45.8,20.4,38.9,33.3,0.67,0.2,0.2,2.3, 3.141269845555554])

astrosRuns3 = np.array([23,12,1,4.31,35,1315,1163,151,266,56,4,48,147,16,6,132,284,.229,.309,.408,.717,12,30,.990,29.7, 24.2,.169,.235,.303,.538,.226,3.1,34.7,8.2,91.5,40.0,17.9,39.3,28.6,0.65,0.8,0.5,6.3, 0, -0.3464985966666685])
redSoxRuns3 = np.array([13,21,5,3.71,34,1276,1154,126,271,73,2,20,125,7,5,86,281,.235,.290,.354,.644,16,23,.987,28.9, 26.2,.229,.315,.302,.617,.269,0.9,15.6,10.1,87.4,31.3,27.5,33.8,23.8,0.52,0.4,0.3,3.3, 1,-0.3464985966666685])

cardinalsRuns3 = np.array([19,15,2,4.62,34,1272,1134,157,279,61,4,32,152,29,3,110,244,.246,.319,.392,.711,15,36,.988,29.4,11.0,.327,.353,.429,.782,.385,1.9,17.3,3.9,83.7,36.6,29.3,39.0,17.1,0.73,-0.8,-0.5,-4.9,0,4.128758166666664])
metsRuns3 = np.array([23,13,1,4.44,36,1365,1203,160,302,56,7,29,149,15,7,121,275,.251,.329,.382,.711,12,26,.991,30.1,42.1,.206,.253,.277,.530,.244,1.2,18.7,4.8,86.5,28.5,20.0,50.4,24.0,1.02,1.1,0.8,13.2,1,4.128758166666664])

bravesRuns3 = np.array([16,19,3,4.17,35,1291,1151,146,262,61,1,44,137,17,2,114,334,.228,.302,.397,.699,18,22,.985,28.6, 28.2,.231,.315,.343,.657,.338,0.8,30.7,8.9,87.5,47.2,29.2,43.1,20.8,0.76,0.2,0.2,-0.3, 0,2.034920637777777])
brewersRuns3 = np.array([22,13,1,4.89,35,1303,1158,171,273,57,4,49,164,24,9,116,323,.236,.312,.419,.731,22,18,.982,29.7, 30.0,.230,.326,.416,.742,.253,3.1,17.1,12.4,90.0,42.9,25.3,48.4,15.4,0.94,0.3,0.1,1.2, 1,2.034920637777777])

piratesRuns3 = np.array([15,19,3,3.50,34,1234,1105,119,252,45,7,27,109,11,6,113,298,.228,.300,.355,.655,27,23,.978,27.6, 3.0,.385,.556,.385,.940,.417,0.0,5.6,27.8,87.5,41.7,8.3,83.3,0.0,5.00,-0.2,-0.1,-1.6, 0, 2.361616162222225])
cubsRuns3 = np.array([13,20,4,3.94,33,1210,1079,130,250,54,5,25,117,10,9,108,298,.232,.309,.361,.670,19,38,.984,28.7, 19.2,.082,.200,.082,.282,.109,0.0,21.4,12.9,85.9,31.1,23.9,45.7,23.9,0.84,0.5,0.3,7.1, 1,2.361616162222225])

angelsRuns3 = np.array([24,13,1,4.92,37,1380,1228,182,302,58,5,49,176,22,12,129,337,.246,.321,.421,.742,19,33,.986,28.5, 16.1,.220,.309,.339,.648,.256,2.9,22.1,10.3,87.4,37.8,22.2,48.9,20.0,1.00,-0.1,-0.1,-1.8, 0, -0.4447174433333352])
rangersRuns3 = np.array([14,19,4,3.97,33,1199,1088,131,234,35,3,33,122,24,8,95,259,.215,.281,.344,.625,23,26,.981,29.3, 29.1,.227,.275,.318,.593,.258,1.7,17.5,5.0,87.1,36.7,19.8,49.5,23.1,0.98,0.7,0.4,6.9, 1, -0.4447174433333352])


giantsRuns3 = np.array([20,13,3,4.94,33,1254,1092,163,268,43,2,33,153,20,6,128,267,.245,.329,.379,.708,16,29,.987,30.1, 27.2,.402,.433,.538,.972,.413,1.6,6.2,5.4,90.1,43.2,35.4,41.6,16.8,0.75,-0.4,-0.3,-4.2, 0.3653594788888892])
rockiesRuns3 = np.array([17,16,5,4.64,33,1236,1111,153,289,59,6,33,143,7,7,96,260,.260,.325,.413,.738,26,45,.979,29.6, 30.0,.274,.331,.419,.750,.337,3.1,23.4,7.0,87.5,40.2,27.3,48.9,21.6,0.98,0.1,0.0,0.7,0.3653594788888892])

twinsRuns3 = np.array([19,15,1,3.94,34,1245,1106,134,266,60,1,35,126,6,6,113,293,.241,.318,.392,.709,17,24,.986,27.0, 13.1,.216,.259,.392,.651,.243,3.7,22.2,5.6,89.7,43.6,15.4,28.2,38.5,0.39,0.2,0.0,4.1, 0, -3.321750323333333])
athleticsRuns3 = np.array([15,21,4,3.36,36,1273,1149,121,231,49,6,22,112,22,5,99,318,.201,.269,.312,.580,25,36,.981,28.7, 22.1,.241,.330,.506,.836,.250,6.0,22.0,12.0,89.3,45.5,27.3,34.8,31.8,0.53,-0.3,-0.2,-1.7, 1,-3.321750323333333])

diamondbacksRuns3 = np.array([18,16,4,3.59,34,1239,1087,122,222,53,4,35,114,16,7,127,308,.204,.293,.357,.649,26,29,.979,27.3, 25, 
dodgersRuns3 = np.array([20,12,1,5.28,32,1217,1064,169,256,60,6,31,154,17,3,134,261,.241,.327,.396,.723,16,28,.986,29.7, 40.0,.223,.272,.392,.664,.284,3.8,29.6,4.4,88.4,34.7,14.7,52.9,26.5,1.15,0.4,0.1,3.1, 1


whiteSoxRuns3 = np.array([16,16,2,3.63,32,1164,1061,116,244,46,1,29,108,18,1,74,230,.230,.287,.357,.644,26,28,.977,29.4,36.2,.203,.254,.338,.592,.215,2.8,15.5,6.3,89.3,41.4,22.5,52.3,18.9,1.09,0.7,0.4,6.4
royalsRuns3 = np.array([11,20,4,3.55,31,1144,1040,110,231,40,8,18,100,19,4,86,224,.222,.285,.328,.613,13,33,.988,28.8,

""" May 16 Projected Runs """

MarlinsNationals = 3.87630195
10
TigersRays = 7.34357431
5
YankeesOrioles = 6.78888243
8
MarinersBlueJays = 9.09355317
8
AstrosRedSox = 5.18434993
9
CardinalsMets = 10.55912992
PP
BravesBrewers = 8.73286959
1
PiratesCubs = 5.81990127
9
AngelsRangers = 6.9087342
11
GiantsRockies = 12.25227913
13
TwinsAthletics = 8.14920434
4
[ 3.87630195]
[ 7.34357431]
[ 6.78888243]
[ 9.09355317]
[ 5.18434993]
[ 10.55912992]
[ 8.73286959]
[ 5.81990127]
[ 6.9087342]
[ 12.25227913]
[ 8.14920434]

May 17 Weights

([[-1.4640032 ],
       [ 1.10225649],
       [ 1.42434983],
       [-1.64372718],
       [-1.19662265],
       [-1.75169482],
       [-1.70701319],
       [-1.04552903],
       [ 1.58264339],
       [ 1.5717599 ],
       [-1.2827203 ],
       [ 1.27213717],
       [ 1.94353161],
       [-1.23550174],
       [ 1.49038273],
       [-1.45487147],
       [ 1.63883161],
       [-1.84915631],
       [-1.31591632],
       [ 1.0907184 ],
       [-2.0296407 ],
       [-1.68809336],
       [-1.09895569],
       [-1.47816626],
       [ 1.26180318],
       [-1.44162667],
       [ 1.4549316 ],
       [ 1.86350746],
       [-1.10833838],
       [ 1.03475641],
       [-1.69122367],
       [ 1.81237959],
       [-1.45598666],
       [ 1.61245063],
       [-1.9330647 ],
       [-1.60027647],
       [-1.11642419],
       [ 1.59619046],
       [-1.38595255],
       [-1.63683373],
       [-1.29369609],
       [ 1.76957937],
       [-1.00385518],
       [ 1.10281396],
       [-0.82436734]]), array([ 7.74246747])

May 17 Games

reds = np.array([9,26,5,4.03,35,1267,1130,141,244,61,2,29,137,14,6,106,318,.216,.291,.350,.641,12,25,.990,30.0, 32.2,.260,.315,.435,.750,.271,3.5,14.0,7.0,90.0,44.1,26.8,37.5,31.3,0.61,-0.2,-0.1,-2.1, 0, -4.524963921111111])
guardians = np.array([16,17,3,4.76,33,1257,1131,157,284,58,9,31,154,18,6,104,250,.251,.317,.401,.717,18,20,.985,26.2, 17.0,.214,.290,.250,.540,.250,0.0,12.9,9.7,93.1,52.1,25.0,45.8,20.8,0.85,0.7,0.1,6.7, 1, -4.524963921111111])

nationals = np.array([12,25,5,4.11,37,1373,1235,152,309,57,1,26,145,11,5,108,273,.250,.315,.361,.676,29,28,.978,29.6, 16.1,.161,.254,.214,.468,.214,0.0,22.2,11.1,91.8,42.9,21.4,54.8,23.8,1.21,0.1,0.0,4.3, 0,0.8208065255555557])
marlins = np.array([16,19,3,4.26,35,1313,1177,149,285,53,7,36,142,17,7,110,314,.242,.315,.391,.705,21,29,.983,29.5, 32.0,.260,.391,.439,.830,.308,2.7,19.2,15.2,88.0,37.9,25.3,43.2,28.4,0.79,-0.9,-0.3,-8.0, 1, 0.8208065255555557])

padres = np.array([22,13,2,4.57,35,1332,1154,160,263,53,7,30,155,15,6,138,299,.228,.316,.364,.680,13,28,.990,28.5, 24.0,.274,.314,.400,.714,.325,1.0,17.7,4.9,82.8,27.3,21.8,46.2,25.6,0.86,-0.3,-0.2,-0.9, 0, 0.8412698455555567])
phillies = np.array([17,18,2,4.91,35,1313,1181,172,302,63,6,44,163,24,3,105,306,.256,.319,.431,.750,20,29,.984,28.9, 9.0,.270,.357,.378,.736,.346,2.4,23.8,11.9,87.0,30.8,14.8,48.1,29.6,0.93,0.1,0.0,0.7, 1,0.8412698455555567])

yankees = np.array([26,9,1,4.94,35,1317,1155,173,282,48,2,52,164,21,7,131,296,.244,.325,.424,.749,14,24,.989,30.7, 26.0,.279,.364,.500,.864,.287,3.4,11.0,10.2,91.4,42.9,22.0,48.4,24.2,0.94,-0.4,-0.1,-5.0, -2.090476185555556])
orioles = np.array([14,22,5,3.22,36,1336,1194,116,269,54,3,27,111,20,6,106,330,.225,.300,.343,.643,25,45,.981,28.1, 26.0,.279,.364,.500,.864,.287,3.4,11.0,10.2,91.4,42.9,22.0,48.4,24.2,0.94,-0.4,-0.1,-5.0, -2.090476185555556])

mariners = np.array([16,20,3,3.92,36,1357,1196,141,277,50,6,35,136,18,8,134,299,.232,.316,.371,.687,19,28,.985,26.9, 34.0,.292,.350,.479,.829,.316,3.8,15.3,7.0,91.1,49.2,34.2,30.0,28.3,0.43,-0.3,0.0,-1.8, 0,3.649999995555554])
blueJays = np.array([19,17,3,3.78,36,1311,1182,136,278,57,0,39,135,15,6,96,299,.235,.299,.382,.681,17,21,.987,27.0, 38.0,.203,.281,.283,.564,.269,2.0,27.5,9.2,90.0,46.9,31.3,36.5,24.0,0.57,0.7,0.5,7.8,1,3.649999995555554])



YankeesOrioles = [ 11.03232592]
RedsGuardians = [ 4.31129643]
NationalsMarlins = [ 1.34133437]
MarinersBlueJays = [ 6.96321876]
PadresPhillies = [ 4.72204466]

May 18 Weights"""
array([[ 1.41873609],
       [-1.20625733],
       [ 1.51404479],
       [-1.87708384],
       [-1.41562917],
       [-1.352728  ],
       [-1.94787091],
       [ 1.37726651],
       [ 1.14543346],
       [ 1.4506023 ],
       [ 1.25538474],
       [-1.70979535],
       [-1.16172174],
       [-1.98569601],
       [-1.54996447],
       [ 1.09549003],
       [-1.16129479],
       [-1.36392377],
       [-1.8911979 ],
       [ 1.0572363 ],
       [-2.25526817],
       [ 1.50568136],
       [-1.94992075],
       [-1.38018242],
       [-1.53204585],
       [ 1.71746718],
       [ 1.29098729],
       [ 1.08493724],
       [ 1.37974075],
       [ 0.70749517],
       [ 1.053839  ],
       [ 0.94556788],
       [-1.43507085],
       [-1.80065257],
       [-1.99531848],
       [ 1.15438987],
       [ 1.64096134],
       [ 0.99108565],
       [ 1.62149567],
       [ 1.40972685],
       [-1.14554508],
       [-1.13649906],
       [ 1.20027905],
       [ 1.56848826],
       [-0.90122385]])"""
GOLDEN
, array([ 5.6128284])

May 18 Teams

twins2 = np.array([21,16,1,3.84,37,1350,1202,142,285,63,1,40,134,7,6,121,314,.237,.313,.391,.704,17,26,.987,27.0, 35.1,.275,.307,.430,.736,.302,2.7%,15.3%,3.3%,88.9,38.7%,24.2%,45.0%,25.8%,0.83,-0.5,-0.2%,-2.8, 0, -1.86])
athletics2 = np.array([16,23,5,3.28,39,1382,1242,128,251,54,6,23,119,24,5,109,334,.202,.272,.311,.583,28,36,.980,28.7, 14.2,.204,.317,.389,.706,.258,4.8%,31.8%,14.3%,89.8,41.2%,11.8%,50.0%,23.5%,1.00,0.0,0.0%,0.7, 1,-1.86])

yankees2 = np.array([27,9,1,4.94,36,1359,1192,178,293,52,2,54,168,21,7,135,299,.246,.327,.429,.756,15,25,.989,30.7, 39.0,.294,.358,.464,.822,.336,2.9%,18.5%,8.1%,89.3,41.1%,25.8%,42.7%,22.6%,0.77,-0.1,-0.1%,-1.5, 0, -1.73])
orioles2 = np.array([14,23,5,3.24,37,1373,1229,120,278,57,3,28,115,21,6,107,339,.226,.299,.346,.645,26,46,.981,28.1,36.2,.210,.276,.362,.639,.273,3.3%,30.3%,7.9%,89.7,43.5%,24.7%,44.1%,26.9%,0.79,0.5,0.4%,6.5, 1, -1.73])

whiteSox2 = np.array([18,18,2,3.50,36,1306,1192,126,270,51,1,32,118,19,1,81,259,.227,.283,.352,.634,27,30,.979,29.4, 38.1,.282,.297,.376,.673,.292,1.3%,8.9%,1.9%,88.3,42.4%,28.1%,37.4%,23.0%,0.60,0.2,0.2%,2.5, 0, 1.77])
royals2 = np.array([13,22,4,3.51,35,1293,1173,123,264,49,8,22,113,20,6,100,266,.225,.290,.337,.626,14,36,.989,28.8, 26.2,.221,.286,.421,.707,.296,4.8%,35.2%,8.6%,87.8,40.7%,25.4%,32.2%,37.3%,0.48,0.7,0.3%,5.7, 1, 1.77])

diamondbacks2 = np.array([18,20,4,3.61,38,1383,1219,137,250,54,5,41,128,16,9,138,352,.205,.290,.358,.649,31,33,.977,27.3, 41.2,.244,.297,.350,.647,.295,1.7%,20.4%,5.8%,87.6,42.6%,25.6%,44.0%,21.6%,0.80,0.7,0.4%,8.6, 0, -4.21])
dodgers2 = np.array([24,12,1,5.50,36,1366,1192,198,291,71,7,38,182,19,4,154,289,.244,.332,.411,.743,19,33,.985,29.7, 35.1,.213,.290,.331,.620,.242,2.1%,19.3%,10.3%,84.6,29.4%,21.6%,47.1%,21.6%,0.91,0.1,0.1%,0.3, 1, -4.21])

tigers2 = np.array([13,24,5,2.81,37,1317,1195,104,267,46,5,19,102,5,5,99,308,.223,.288,.318,.606,21,26,.984,29.0, 33.2,.185,.241,.282,.523,.221,1.5%,20.3%,6.0%,90.4,45.3%,22.7%,49.5%,20.6%,0.98,0.7,0.4%,6.4, 0,-2.01])
rays2 = np.array([22,15,2,4.22,37,1355,1227,156,290,58,8,35,145,29,10,107,316,.236,.302,.382,.684,20,21,.985,27.1, 38.2,.214,.286,.366,.651,.250,2.5%,21.0%,9.3%,86.9,35.4%,21.2%,37.2%,32.7%,0.60,-0.2,-0.2%,-2.9, 1,-2.01])


May 18 Predictions

YankeesOrioles = [ 7.28765521]
TigersRays = [ 3.72159582]
DiamondbacksDodgers = [ 3.20767678]
WhiteSoxRoyals = [ 8.09397369]
TwinsAthletics = [ 5.26750926]

[ 7.28765521]
[ 3.72159582]
[ 3.20767678]
[ 8.09397369]
[ 5.26750926]

May 19 Weights 
weights = np.array([[ 1.2426769 ],
       [-1.53369477],
       [ 1.64261939],
       [-1.29705321],
       [ 1.3222168 ],
       [-0.50670652],
       [-0.08586593],
       [ 1.02579851],
       [ 0.74172395],
       [ 0.9089748 ],
       [ 1.20226553],
       [ 0.98950601],
       [ 0.9915313 ],
       [ 1.61917727],
       [-1.41071794],
       [ 1.05159253],
       [ 1.59027329],
       [ 1.47552505],
       [ 1.10892689],
       [ 1.0124936 ],
       [ 1.49440867],
       [-1.8901648 ],
       [-1.17999204],
       [-1.55548126],
       [-1.8191369 ],
       [-1.12840957],
       [-1.55139023],
       [ 1.33941323],
       [-1.3859377 ],
       [ 1.87884044],
       [-1.16284245],
       [ 1.61038866],
       [-1.35028981],
       [ 1.86564899],
       [-1.83948051],
       [ 1.01303288],
       [-1.68103897],
       [-1.36974792],
       [-1.52048499],
       [-2.03981904],
       [-1.09395846],
       [-1.5982555 ],
       [ 1.89749133],
       [-1.78451061],
       [-1.29273437]])

bias = 5.95893341

May 19 Picks

whiteSox3 = np.array([18,19,2,3.46,37,1344,1229,128,280,53,1,32,120,19,1,82,264,.228,.283,.351,.633,28,31,.979,29.4, 26.2,.351,.423,.559,.982,.361,3.1%,10.0%,11.5%,88.4,40.6%,24.8%,40.6%,27.7%,0.68,-1.4,-0.6%,-14.3, 0, 0.97])
royals3 = np.array([14,22,4,3.58,36,1330,1207,129,276,50,9,24,119,22,7,102,275,.229,.292,.345,.637,14,36,.989,28.7, 27.2,.268,.344,.491,.835,.296,4.8%,20.0%,9.6%,91.2,48.8%,25.3%,33.3%,34.5%,0.51,-0.2,-0.2%,-3.2, 1,0.97])
mariners3 = np.array([17,21,4,3.84,38,1427,1261,146,293,51,6,38,141,20,9,138,311,.232,.314,.373,.687,19,30,.986,26.9, 28.0,.229,.283,.343,.626,.268,1.8%,18.6%,6.2%,87.1,33.3%,23.8%,33.3%,29.8%,0.50,0.4,0.2%,3.5, 0, 1.24])
redSox3 = np.array([15,22,4,3.81,37,1387,1255,141,297,81,3,25,139,8,5,94,296,.237,.292,.366,.658,18,25,.986,28.9, 10.0,.194,.205,.278,.483,.233,0.0%,20.5%,2.6%,94.4,56.7%,26.7%,36.7%,33.3%,0.58,0.2,0.1%,1.9, 1, 1.24])
diamondBacks3 = np.array([18,21,5,3.59,39,1421,1254,140,259,55,5,41,131,16,9,141,361,.207,.291,.356,.647,31,33,.977,27.3, 26.1,.240,.287,.460,.747,.267,3.7%,20.4%,6.5%,92.0,53.2%,29.1%,44.3%,20.3%,0.80,-0.2,-0.2%,-2.4, 0,-1.51])
cubs3 = np.array([15,21,4,4.11,36,1322,1178,148,275,61,5,29,134,12,9,120,326,.233,.312,.368,.679,21,42,.984,28.8,34.1,.150,.209,.208,.418,.202,0.8%,27.1%,3.9%,85.8,30.6%,15.3%,44.7%,29.4%,0.81,1.5,0.8%,14.7, 1, -1.51])
rangers3 = np.array([17,19,3,4.28,36,1318,1192,154,265,40,3,39,142,26,8,108,290,.222,.290,.359,.649,24,28,.982,29.3, 40.0,.230,.320,.284,.603,.284,0.6%,18.9%,10.1%,88.4,34.5%,23.1%,68.4%,6.8%,2.22,0.7,0.4%,8.2, 0,1.2])
astros3 = np.array([24,14,1,4.42,38,1426,1266,168,290,62,4,56,164,16,6,136,307,.229,.307,.417,.724,15,32,.989,29.7,18.1,.235,.338,.456,.793,.245,4.9%,19.8%,12.4%,89.7,46.3%,25.9%,42.6%,24.1%,0.77,-0.2,0.0%,-2.2, 1,1.2])

WhiteSoxRoyals = [ 3.58123231]
MarinersRedSox = [ 8.13843497]
DiamondbacksCubs = [ 6.65267132]
RangersAstros = [ 7.76324173]

[ 3.58123231]
[ 8.13843497]
[ 6.65267132]
[ 7.76324173]

May 20 

mariners4 = np.array([17,22,4,3.90,39,1468,1298,152,303,53,6,40,147,20,9,142,322,.233,.315,.376,.691,20,31,.985,26.9, 26.0,.148,.240,.227,.467,.162,2.0%,19.0%,11.0%,90.2,36.8%,22.9%,45.7%,18.6%,0.84,1.0,0.5%,9.5, 0, 1.73])
redSox4 = np.array[16,22,4,4.03,38,1431,1294,153,313,85,3,28,150,9,5,98,303,.242,.298,.377,.675,18,25,.987,28.9,48.2,.223,.300,.413,.713,.268,3.5%,25.0%,9.0%,91.2,42.3%,29.2%,33.8%,27.7%,0.52,-0.1,-0.2%,-0.8, 1, 1.73])

twins4 = np.array([22,16,1,4.11,38,1400,1240,156,299,68,1,40,148,9,6,131,321,.241,.320,.394,.714,18,26,.986,27.0, 30.0,.230,.318,.381,.698,.272,3.1%,22.5%,10.1%,90.9,48.8%,23.5%,35.3%,29.4%,0.55,0.2,0.1%,2.9, 0, -1.78])
royals4 = np.array([14,23,4,3.59,37,1368,1244,133,287,53,9,25,123,23,7,103,279,.231,.293,.348,.641,14,37,.990,28.7, 5.0,.176,.263,.235,.498,.200,0.0%,10.5%,10.5%,89.9,40.0%,20.0%,46.7%,20.0%,0.88,0.2,0.1%,1.6, 1, -1.78])

tigers4 = np.array[13,25,5,2.76,38,1349,1226,105,272,47,5,20,103,5,5,100,319,.222,.286,.317,.603,21,28,.984,28.9, 24.2,.330,.388,.594,.983,.382,5.0%,22.3%,6.6%,91.2,43.9%,31.7%,24.4%,35.4%,0.33,-1.5,-0.8%,-15.2, 0, -3.22])
guardians4 = np.array[16,19,3,4.66,35,1330,1193,163,292,59,9,32,160,20,6,113,260,.245,.312,.390,.702,20,27,.984,26.2, 39.2,.235,.272,.336,.608,.320,1.3%,28.3%,5.0%,88.5,36.2%,17.9%,46.2%,26.4%,0.89,0.4,0.0%,6.1, 1,  -3.22])

projection 1:
MarinersRedSox = 6.91697679
TwinsRoyals = 10.63442033
TigersGuardians = 23.17615688

projection 2:
